$ANSIBLE_VAULT;1.1;AES256
37633662363834316630613334386131303132636631656336363832633935303336316335333132
3035643432386532633330363535353965626132326638320a613165333662336230316135373631
61663535663833653837366462646332323862326334396139386466343162646565393438313338
3264326432343834380a393466643061373530313837613231363066653064613664336566323962
65343035616630356462656436306461353861623465623064393234396435656466363665376266
37636235383037653962383461663038633938306463373464323334326630633563333134646434
62663938616532633535623862656133633039613366633562353564373733393861666233373763
32303934626266353430353232643037663636373866393837636232653032663965383361646465
66656636363237323762323833653838333433616333303637613163646263643063383538333136
63613861383361343432366164363066353831653632303535373833623338353534346435643031
38366239383135346136323932646239353263616265616133353264323362383565343864653635
65323762363839653932376264316539313632303662626438653038656637663866383932393361
35663939633038386430363233663161383338316563356333633435366539303233383038656433
36376661303166666237313938316539656661326163303932386163626130313330363366393830
63623336643466343262353432333165336637363239633962353832313265653131633961363035
31616635323761326361306262386431323535663233323663343135336339623932363832666363
61613364356133326131336530623562613761363737643562663133303962346263646661363333
63343031626263326164336231383164393934363733373035643963303966363564333733623338
61343237363334626234383539326530366231333564366236316635306165633837636336336363
63623963343637346666613465633334336434383564333861633931653862653036623735303630
66366639633462653036383966373264353063363065396139653539616531393962336333626363
66643661653866366632323638373936663631656662393234313739396531333862353737616431
30363130336639376262346338373264656364333866386563306464363764336134376632346333
37636634613135383664663066323235633964303764303565356363616462333439363562643062
32316463373334333239653438363334343235633638323365666362633062393032623432383035
38363431633462353266646134386539356262376666323634373734376463663630343363643837
65623832396531376236383166623166303337353565633765613438613531663966353938623039
37383739393164656134353265353936343861306239613036313833626236336262646237653163
64653164346338303539343635323439313335323935363638386635396166313961336566333930
30393064323064306537646561626132316665626437353266663136333930323964336365646631
31653734656262343661373839346662336465616639653266333762613337396463393465623534
61323766336464303030353833373932323566623035333738663432353661343233383535353761
37666365373632653861346338353564316633303363633939336132326638363837313564353965
66373363333139393664316138346536643165366262656636383965393766626634393935613139
33303236313933653833396562653265343066306433373564626336333063333065636364663234
38323732393539356366323731343366333164343537303734363833306366623839626437313365
35353631643333663664313563633832303863636236393565633963656561613666636664663839
38316664393532613265353733666334363364653730343465653963653034656339636236346334
32636635633765356638373033313465616534333437306265656137663165616534383966333766
66616137303238623137333030653535336562376539643638373663386462623932306338376539
38396662613635656566363365393038356461383162636136653661313363656362666534613866
66336330613238636230623738336530343531343231633133393130376134643538323530333431
32653637643361353838633435613334373766616463646531313266383163646333363538323266
65386439653530643036623537653263356637303162336162333965313862313138316531393639
62316533653334626665663266313261666164386162383535653930313134613430333264613331
38303835656238356266623335623230613966343130656135633233383834386561363732646237
66353563393966326630313664316332666439313831663134613762373535643434356566313666
39373161353933386437383165613638623839666234363435336630316433356463396134656535
38376163656531663238303936383463326662613263383133353630353136363536666438323238
37383037346565653662373730353264636639303935636231306631376136356364643231386135
36666166313164306161343130636438303834396366666237643565643161643562333964333336
38366466613433373439313738646436386536626531336562633138313465646262353961386265
65386331353437613235306230326436363438313335313933353937623733396631643861353966
66633864643736376466373634373062386466343438363963623030313265303464663235363765
66613334346233356237653639396430663430353635353564333966626332373138643438393430
65623430343363616538373031626365306535613137383664353665663035333861623437653266
36323364333238346530616464616465323839653632653161343939643139376134356135316661
34646134373035386362323631363334656639393433373564313439643963333966393731376363
36346166643033363531313032303666326161613530323063646639373234613930373732646464
38643636396239336265343962656535646233336565353566356531613236626636303234373137
32396530383966386535303130383835646363363161616531626266646161663462633734303830
61333031623266336530656566316538343036643535343531656561306464363134636136313066
63393964613735666662333035663130626163316531376536623437663837373863393139363664
31643462323562363565343163326637353434393438333164653464653765366332356334383962
66326332333664303732393662343561383133313335343935383364616534663639383533623237
30393733643863643633633061336331343962343562363937363864396134393531383564616565
65343535303536633362613232373830306433316464613836396436636536373730376635623532
38656130353065313365373238623364303435366235623033383032346631633563616362646334
64363263373937383939616338663439303230316162663439613535346437333437653433343832
36363433333766303039313862333037373534333438633366366531383434663633383863666661
39363832396537333830626433363437383437306238643134353866633061323134303062363234
65386139343032343139633635653332353838396363363163383030306165333934656666363936
30316166643865343139383063356461653931663961346464356532363038393762303036646164
61393533643664393939653064653833336336633634306334396161313963616666666262653332
39626462313135653938303763353733393665646330636665323762363237643838646361333261
38613335633831643566323230336238363761386236333463613731643865666362336662653432
37353432636464393935366430656665303464326332353865373837666439323462323034383265
33373865303733386132646437643238346431303061306465346166303336653134653636383739
38316539613231346234653964346365373530343164666633613436393430643262636439663235
31333736363036323631643336666330653434346431313566633563623166663866376361373761
65636336653336373738616430613938376234623339643061333532666533363762393266626239
66313334363639333436663237653138623763653532303835633538396463336637323762636433
30643737363634623762383162616566343564656133636331616265316330353334636666626438
63633839666130663539306230356361653835333537613237656231376164313961346630633061
33343935313932653964626163313639386634393735393665323861303564616165373266373836
65626338323337633534366430613765623638373765363263363461323531613038383061656332
64303438376137353134356363616539623366323066336338303739353964663134386565323966
61303233616434356433396265333639326362303763376164323039343433393765373731393934
65323330633665663065393439306331306137323933396462363639306236343634353833343431
37363562343431373236336433363663316331376333383035366236623336336335626630383339
63613832666461343966653730653530316637383539396235666164353438363437393338396138
31356236396539393439336164613130333938373332376638646666626136653234666266396534
30306665396331366533636335323662623766656631333961646136646261633965356238323438
33303262613435623965316665363337323538643061656166643666383266346265366363643130
34303338336439353366616637343463666431613139353033346563646330643965636532646661
30356462336138323733363662323832326432316534313639633864666631316165626663633061
61373539346236333262633961346635646461623461323762653739663133346337383735653662
31613065633530333365386131616162353364613635376564373135336465613034613165396164
64316334626134393464663839353865313162653535303830653136626465643762383764626438
34613437663561383864623564633239343937646664366537663163616230636438313733666462
33343336396663646161636161623362353135636562653537656363373433613863323637376236
39316138386336663536366264303162323162656430643863326466303032336139643136643166
64623136303835656164303962326131613661323262623132623564313766323332393364353162
38366535626261393434333164633536323764613832636138323035663232366564346465343439
61636336643566343938613137376166393931366135646538366235663865636664646339326261
32346365353730356661666564373665376632633732393662633961626162373163393463366164
61646261663837313436383063656262353735383133643633316365306265326133363065383436
63656435613564306232346333336562313464303637353237353439376534333862633231656662
38376462323861666130633936346439623465626265663962333265666130363964313839636632
37636635623337623337346534653461313238343139373061353262383830303562393036326666
35653763326236326563363737393035656533396565343339393831656261636233383966316634
35306333326637313862363864346639353066373766323039616232636435363432653864616231
36623966326166353663623033303136616563336162353064626539356530353230316561376263
64373061376430393430343663366466366436323437316463656163343936653036323135376666
38613832666166633661623739366437343633653037343033393366613631626265386130353434
38323661326364623134626633653661396339626263346537653437316566656439656235623963
36376566333235366361386631613839343062373034616339386337393665363061393566623333
38376461393962363033376238663165653637353337633033386535323563633062363133336535
35353564353135623538626337333161636532336230313739316539303263316330653766376134
61333934363739383930336136643764653438383436363365353565323634666237633661383935
63626263373834316161346336343237336665633139393664373131303064663163623838623834
34343039623630313736343636333135646339646632313764303632646563656664336438303439
31343166666566643661643739636638343037383931303263373731616339363566353662313032
66663439303036303761303461386262646564353232333265343435373732323537643132613561
64316463376463386231303862396631316230386139333833356663303936383734643930323837
65303430613639333464636265313737616130633764393634653637656563376363663234373064
30396134386237646365653064363337316362633161323431336331383538343861333131386535
66623064366531303637323336353766336565356663313337666633323131313133376364613761
61663232303530633436643365323539306135353130613733303762636563376433373164326637
64373663623663393364303535346335346130383764653233393130356534623164343064313537
35396639366439393962303431363632643034353432363339386631626639613633393364623032
64383533616532386630313230646361373836383632663231373131663936366138643662313234
32616534323232393933343861633534393931653331636566663734393065343231643534383834
38623964393437656366396230626162376563326232313661353264383461346330646664666130
323337343834656636346438373139323763
